Layer1:
    SGD: 0.408 / 0.9214285714285714
    LogReg: 0.64 / 0.9642857142857143
    Pytorch: 0.536 / 0.6144897959183674
Layer2:
    SGD: 0.516 / 0.95
    LogReg: 0.744 / 0.9857142857142858
    Pytorch: 0.636 / 0.6110204081632653
Layer3:
    SGD: 0.444 / 0.9714285714285714
    LogReg: 0.824 / 1.0
    Pytorch: 0.84 / 0.5469387755102041
